CP = 1.0046e+3;
RD = 2.8705e+2;
RV = 4.6150e+2;
RDOVERCP = RD/CP;
EPS  = RD/RV;
KAP1 = RDOVERCP + 1;
KAPR = 1/RDOVERCP;

BPOW = 8.31447*0.0065/(GRAV*0.0289644);
BCON = 288.15/0.0065;
